regular season
    year        n      HRW      HRL
    1871      127       19        9  14.96   7.09  77.95
    1872      183       29        3  15.85   1.64  82.51
    1873      199        2        0   1.01   0.00  98.99
    1874      232       20        7   8.62   3.02  88.36
    1875      345       10        0   2.90   0.00  97.10
    1876      260        3        0   1.15   0.00  98.85
    1877      180        3        0   1.67   0.00  98.33
    1878      184        4        0   2.17   0.00  97.83
    1879      321        5        0   1.56   0.00  98.44
    1880      340        8        0   2.35   0.00  97.65
    1881      336        2        0   0.60   0.00  99.40
    1882      572        6        0   1.05   0.00  98.95
    1883      785        6        0   0.76   0.00  99.24
    1884     1544       43        0   2.78   0.00  97.22
    1885      890        4        0   0.45   0.00  99.55
    1886     1052       32        0   3.04   0.00  96.96
    1887     1058       30        0   2.84   0.00  97.16
    1888     1092       22        0   2.01   0.00  97.99
    1889     1090       28        0   2.57   0.00  97.43
    1890     1611       30        0   1.86   0.00  98.14
    1891     1109       21        0   1.89   0.00  98.11
    1892      921       22        0   2.39   0.00  97.61
    1893      785       12        0   1.53   0.00  98.47
    1894      799       11        0   1.38   0.00  98.62
    1895      799       15        0   1.88   0.00  98.12
    1896      792       14        0   1.77   0.00  98.23
    1897      811       25        0   3.08   0.00  96.92
    1898      921       26        0   2.82   0.00  97.18
    1899      923       20        0   2.17   0.00  97.83
    1900      569       16        0   2.81   0.00  97.19
    1901     1110      223       95  20.09   8.56  71.35
    1902     1117      198       70  17.73   6.27  76.01
    1903     1114      206       65  18.49   5.83  75.67
    1904     1249      195       72  15.61   5.76  78.62
    1905     1237      198       71  16.01   5.74  78.25
    1906     1228      154       78  12.54   6.35  81.11
    1907     1233      163       56  13.22   4.54  82.24
    1908     1244      155       69  12.46   5.55  81.99
    1909     1241      172       43  13.86   3.46  82.68
    1910     1249      205       83  16.41   6.65  76.94
    1911     1237      269      109  21.75   8.81  69.44
    1912     1232      235       87  19.07   7.06  73.86
    1913     1234      258       94  20.91   7.62  71.47
    1914     1880      384      162  20.43   8.62  70.96
    1915     1864      328      149  17.60   7.99  74.41
    1916     1247      218       74  17.48   5.93  76.58
    1917     1247      192       77  15.40   6.17  78.43
    1918     1016      144       57  14.17   5.61  80.22
    1919     1118      208      118  18.60  10.55  70.84
    1920     1234      272      111  22.04   9.00  68.96
    1921     1229      337      167  27.42  13.59  58.99
    1922     1238      381      156  30.78  12.60  56.62
    1923     1233      349      158  28.30  12.81  58.88
    1924     1231      338      160  27.46  13.00  59.55
    1925     1228      397      173  32.33  14.09  53.58
    1926     1234      346      150  28.04  12.16  59.81
    1927     1236      341      162  27.59  13.11  59.30
    1928     1231      393      165  31.93  13.40  54.67
    1929     1229      448      179  36.45  14.56  48.98
    1930     1234      450      211  36.47  17.10  46.43
    1931     1236      397      174  32.12  14.08  53.80
    1932     1233      429      207  34.79  16.79  48.42
    1933     1226      398      164  32.46  13.38  54.16
    1934     1223      452      207  36.96  16.93  46.12
    1935     1228      437      207  35.59  16.86  47.56
    1936     1238      456      205  36.83  16.56  46.61
    1937     1239      463      187  37.37  15.09  47.54
    1938     1223      499      198  40.80  16.19  43.01
    1939     1231      463      204  37.61  16.57  45.82
    1940     1236      472      184  38.19  14.89  46.93
    1941     1244      424      189  34.08  15.19  50.72
    1942     1224      382      174  31.21  14.22  54.58
    1943     1238      380      131  30.69  10.58  58.72
    1944     1242      392      172  31.56  13.85  54.59
    1945     1230      381      171  30.98  13.90  55.12
    1946     1242      436      171  35.10  13.77  51.13
    1947     1243      471      196  37.89  15.77  46.34
    1948     1237      498      205  40.26  16.57  43.17
    1949     1240      527      182  42.50  14.68  42.82
    1950     1238      544      209  43.94  16.88  39.18
    1951     1239      542      220  43.74  17.76  38.50
    1952     1239      532      178  42.94  14.37  42.70
    1953     1240      614      215  49.52  17.34  33.15
    1954     1237      544      199  43.98  16.09  39.94
    1955     1234      575      204  46.60  16.53  36.87
    1956     1239      584      232  47.13  18.72  34.14
    1957     1235      593      217  48.02  17.57  34.41
    1958     1235      582      200  47.13  16.19  36.68
    1959     1238      599      211  48.38  17.04  34.57
    1960     1236      565      222  45.71  17.96  36.33
    1961     1430      664      262  46.43  18.32  35.24
    1962     1621      771      302  47.56  18.63  33.81
    1963     1619      781      265  48.24  16.37  35.39
    1964     1626      734      252  45.14  15.50  39.36
    1965     1623      732      273  45.10  16.82  38.08
    1966     1615      730      296  45.20  18.33  36.47
    1967     1620      701      247  43.27  15.25  41.48
    1968     1625      658      267  40.49  16.43  43.08
    1969     1946      887      330  45.58  16.96  37.46
    1970     1944      906      344  46.60  17.70  35.70
    1971     1938      843      313  43.50  16.15  40.35
    1972     1859      813      273  43.73  14.69  41.58
    1973     1943      871      337  44.83  17.34  37.83
    1974     1945      823      304  42.31  15.63  42.06
    1975     1934      840      342  43.43  17.68  38.88
    1976     1939      762      307  39.30  15.83  44.87
    1977     2103      982      367  46.70  17.45  35.85
    1978     2102      908      366  43.20  17.41  39.39
    1979     2099      964      354  45.93  16.87  37.21
    1980     2105      901      345  42.80  16.39  40.81
    1981     1394      585      231  41.97  16.57  41.46
    1982     2107      944      399  44.80  18.94  36.26
    1983     2109      947      383  44.90  18.16  36.94
    1984     2105      954      376  45.32  17.86  36.82
    1985     2103      981      387  46.65  18.40  34.95
    1986     2103     1031      371  49.03  17.64  33.33
    1987     2105     1078      398  51.21  18.91  29.88
    1988     2100      937      367  44.62  17.48  37.90
    1989     2106      919      356  43.64  16.90  39.46
    1990     2105      940      387  44.66  18.38  36.96
    1991     2104      927      389  44.06  18.49  37.45
    1992     2106      957      346  45.44  16.43  38.13
    1993     2269     1065      415  46.94  18.29  34.77
    1994     1600      793      290  49.56  18.12  32.31
    1995     2017      996      369  49.38  18.29  32.33
    1996     2267     1118      406  49.32  17.91  32.77
    1997     2266     1146      412  50.57  18.18  31.24
    1998     2432     1219      464  50.12  19.08  30.80
    1999     2428     1256      423  51.73  17.42  30.85
    2000     2429     1260      437  51.87  17.99  30.14
    2001     2429     1252      453  51.54  18.65  29.81
    2002     2426     1262      453  52.02  18.67  29.31
    2003     2430     1248      424  51.36  17.45  31.19
    2004     2428     1289      430  53.09  17.71  29.20
    2005     2431     1250      425  51.42  17.48  31.10
    2006     2429     1246      459  51.30  18.90  29.81
    2007     2431     1197      459  49.24  18.88  31.88
    2008     2428     1284      417  52.88  17.17  29.94
    2009     2430     1250      414  51.44  17.04  31.52
    2010     2430     1254      385  51.60  15.84  32.55
    2011     2429     1224      424  50.39  17.46  32.15
    2012     2430     1302      382  53.58  15.72  30.70
    2013     2431     1254      432  51.58  17.77  30.65
    2014     2430     1169      411  48.11  16.91  34.98
    2015     2429     1284      387  52.86  15.93  31.21
    2016     2428     1328      419  54.70  17.26  28.05
    2017     2430     1393      405  57.33  16.67  26.01
    2018     2431     1342      391  55.20  16.08  28.71
    2019     2429     1440      394  59.28  16.22  24.50
    2020      898      514      168  57.24  18.71  24.05
  decade        n      HRW      HRL
     187     2031       95       19   4.68   0.94  94.39
     188     8759      181        0   2.07   0.00  97.93
     189     9471      196        0   2.07   0.00  97.93
     190    11342     1680      619  14.81   5.46  79.73
     191    13324     2441     1010  18.32   7.58  74.10
     192    12323     3602     1581  29.23  12.83  57.94
     193    12311     4444     1964  36.10  15.95  47.95
     194    12376     4363     1775  35.25  14.34  50.40
     195    12374     5709     2085  46.14  16.85  37.01
     196    15961     7223     2716  45.25  17.02  37.73
     197    19806     8712     3307  43.99  16.70  39.32
     198    20337     9277     3613  45.62  17.77  36.62
     199    21594    10417     3901  48.24  18.07  33.69
     200    24291    12538     4371  51.62  17.99  30.39
     201    24297    12990     4030  53.46  16.59  29.95
     202      898      514      168  57.24  18.71  24.05
 century        n      HRW      HRL
      18    20261      472       19   2.33   0.09  97.58
      19   151748    57868    22571  38.13  14.87  46.99
      20    49486    26042     8569  52.62  17.32  30.06
wild card
    year        n      HRW      HRL
    2012        2        0        0   0.00   0.00 100.00
    2013        2        2        0 100.00   0.00   0.00
    2014        2        1        1  50.00  50.00   0.00
    2015        2        2        0 100.00   0.00   0.00
    2016        2        2        0 100.00   0.00   0.00
    2017        2        1        0  50.00   0.00  50.00
    2018        2        1        0  50.00   0.00  50.00
    2019        2        1        1  50.00  50.00   0.00
    2020       18       12        0  66.67   0.00  33.33
  decade        n      HRW      HRL
     201       16       10        2  62.50  12.50  25.00
     202       18       12        0  66.67   0.00  33.33
 century        n      HRW      HRL
      20       34       22        2  64.71   5.88  29.41
division series
    year        n      HRW      HRL
    1981       18        9        1  50.00   5.56  44.44
    1995       15        9        3  60.00  20.00  20.00
    1996       14        8        2  57.14  14.29  28.57
    1997       15        9        2  60.00  13.33  26.67
    1998       14       11        1  78.57   7.14  14.29
    1999       16        9        4  56.25  25.00  18.75
    2000       15       10        1  66.67   6.67  26.67
    2001       18       11        0  61.11   0.00  38.89
    2002       17        9        4  52.94  23.53  23.53
    2003       18        7        3  38.89  16.67  44.44
    2004       16        9        4  56.25  25.00  18.75
    2005       15        7        4  46.67  26.67  26.67
    2006       14        5        4  35.71  28.57  35.71
    2007       13        7        4  53.85  30.77  15.38
    2008       15        8        1  53.33   6.67  40.00
    2009       13        7        0  53.85   0.00  46.15
    2010       15        5        2  33.33  13.33  53.33
    2011       19        8        6  42.11  31.58  26.32
    2012       20       10        3  50.00  15.00  35.00
    2013       18       10        4  55.56  22.22  22.22
    2014       14        7        5  50.00  35.71  14.29
    2015       19        9        6  47.37  31.58  21.05
    2016       15       10        1  66.67   6.67  26.67
    2017       17        9        6  52.94  35.29  11.76
    2018       14       10        0  71.43   0.00  28.57
    2019       18       12        4  66.67  22.22  11.11
    2020       15       10        1  66.67   6.67  26.67
  decade        n      HRW      HRL
     198       18        9        1  50.00   5.56  44.44
     199       74       46       12  62.16  16.22  21.62
     200      154       80       25  51.95  16.23  31.82
     201      169       90       37  53.25  21.89  24.85
     202       15       10        1  66.67   6.67  26.67
 century        n      HRW      HRL
      19       92       55       13  59.78  14.13  26.09
      20      338      180       63  53.25  18.64  28.11
league championship series
    year        n      HRW      HRL
    1969        6        4        1  66.67  16.67  16.67
    1970        6        4        0  66.67   0.00  33.33
    1971        7        4        1  57.14  14.29  28.57
    1972       10        4        2  40.00  20.00  40.00
    1973       10        6        0  60.00   0.00  40.00
    1974        8        6        0  75.00   0.00  25.00
    1975        6        4        0  66.67   0.00  33.33
    1976        8        3        3  37.50  37.50  25.00
    1977        9        3        0  33.33   0.00  66.67
    1978        8        6        1  75.00  12.50  12.50
    1979        7        4        0  57.14   0.00  42.86
    1980        8        2        2  25.00  25.00  50.00
    1981        8        6        0  75.00   0.00  25.00
    1982        8        2        0  25.00   0.00  75.00
    1983        8        5        1  62.50  12.50  25.00
    1984        8        4        2  50.00  25.00  25.00
    1985       13        5        3  38.46  23.08  38.46
    1986       13        8        2  61.54  15.38  23.08
    1987       12        5        5  41.67  41.67  16.67
    1988       11        4        1  36.36   9.09  54.55
    1989       10        5        3  50.00  30.00  20.00
    1990       10        3        2  30.00  20.00  50.00
    1991       12        4        0  33.33   0.00  66.67
    1992       13        7        1  53.85   7.69  38.46
    1993       12        5        2  41.67  16.67  41.67
    1995       10        7        0  70.00   0.00  30.00
    1996       12        5        1  41.67   8.33  50.00
    1997       12        7        3  58.33  25.00  16.67
    1998       12        4        2  33.33  16.67  50.00
    1999       11        7        2  63.64  18.18  18.18
    2000       11        7        2  63.64  18.18  18.18
    2001       10        5        1  50.00  10.00  40.00
    2002       10        6        0  60.00   0.00  40.00
    2003       14        8        2  57.14  14.29  28.57
    2004       14        8        1  57.14   7.14  35.71
    2005       11        5        2  45.45  18.18  36.36
    2006       11        9        1  81.82   9.09   9.09
    2007       11        4        2  36.36  18.18  45.45
    2008       12        5        3  41.67  25.00  33.33
    2009       11        4        2  36.36  18.18  45.45
    2010       12        6        1  50.00   8.33  41.67
    2011       12        5        3  41.67  25.00  33.33
    2012       11        6        2  54.55  18.18  27.27
    2013       12        5        1  41.67   8.33  50.00
    2014        9        3        3  33.33  33.33  33.33
    2015       10        6        1  60.00  10.00  30.00
    2016       11       11        0 100.00   0.00   0.00
    2017       12        9        1  75.00   8.33  16.67
    2018       12        6        4  50.00  33.33  16.67
    2019       10        7        1  70.00  10.00  20.00
    2020       14        9        3  64.29  21.43  14.29
  decade        n      HRW      HRL
     196        6        4        1  66.67  16.67  16.67
     197       79       44        7  55.70   8.86  35.44
     198       99       46       19  46.46  19.19  34.34
     199      104       49       13  47.12  12.50  40.38
     200      115       61       16  53.04  13.91  33.04
     201      111       64       17  57.66  15.32  27.03
     202       14        9        3  64.29  21.43  14.29
 century        n      HRW      HRL
      19      288      143       40  49.65  13.89  36.46
      20      240      134       36  55.83  15.00  29.17
world series
    year        n      HRW      HRL
    1903        8        2        0  25.00   0.00  75.00
    1905        5        0        0   0.00   0.00 100.00
    1906        6        0        0   0.00   0.00 100.00
    1907        5        1        0  20.00   0.00  80.00
    1908        5        1        0  20.00   0.00  80.00
    1909        7        1        1  14.29  14.29  71.43
    1910        5        1        0  20.00   0.00  80.00
    1911        6        2        1  33.33  16.67  50.00
    1912        8        1        0  12.50   0.00  87.50
    1913        5        2        1  40.00  20.00  40.00
    1914        4        1        0  25.00   0.00  75.00
    1915        5        1        0  20.00   0.00  80.00
    1916        5        1        2  20.00  40.00  40.00
    1917        6        2        0  33.33   0.00  66.67
    1918        6        0        0   0.00   0.00 100.00
    1919        8        0        1   0.00  12.50  87.50
    1920        7        1        0  14.29   0.00  85.71
    1921        8        1        1  12.50  12.50  75.00
    1922        5        1        1  20.00  20.00  60.00
    1923        6        4        1  66.67  16.67  16.67
    1924        7        5        0  71.43   0.00  28.57
    1925        7        3        2  42.86  28.57  28.57
    1926        7        4        1  57.14  14.29  28.57
    1927        4        2        0  50.00   0.00  50.00
    1928        4        3        0  75.00   0.00  25.00
    1929        5        4        0  80.00   0.00  20.00
    1930        6        4        0  66.67   0.00  33.33
    1931        7        4        1  57.14  14.29  28.57
    1932        4        3        0  75.00   0.00  25.00
    1933        5        2        1  40.00  20.00  40.00
    1934        7        0        0   0.00   0.00 100.00
    1935        6        3        3  50.00  50.00   0.00
    1936        6        2        2  33.33  33.33  33.33
    1937        5        2        1  40.00  20.00  40.00
    1938        4        2        0  50.00   0.00  50.00
    1939        4        3        0  75.00   0.00  25.00
    1940        7        5        0  71.43   0.00  28.57
    1941        5        2        1  40.00  20.00  40.00
    1942        5        1        2  20.00  40.00  40.00
    1943        5        3        0  60.00   0.00  40.00
    1944        6        3        0  50.00   0.00  50.00
    1945        7        2        1  28.57  14.29  57.14
    1946        7        3        0  42.86   0.00  57.14
    1947        7        1        1  14.29  14.29  71.43
    1948        6        2        0  33.33   0.00  66.67
    1949        5        1        1  20.00  20.00  60.00
    1950        4        2        0  50.00   0.00  50.00
    1951        6        4        0  66.67   0.00  33.33
    1952        7        4        1  57.14  14.29  28.57
    1953        6        3        2  50.00  33.33  16.67
    1954        4        1        2  25.00  50.00  25.00
    1955        7        4        0  57.14   0.00  42.86
    1956        7        4        0  57.14   0.00  42.86
    1957        7        3        0  42.86   0.00  57.14
    1958        7        3        2  42.86  28.57  28.57
    1959        6        3        0  50.00   0.00  50.00
    1960        7        3        3  42.86  42.86  14.29
    1961        5        2        0  40.00   0.00  60.00
    1962        7        3        2  42.86  28.57  28.57
    1963        4        1        0  25.00   0.00  75.00
    1964        7        4        1  57.14  14.29  28.57
    1965        7        3        0  42.86   0.00  57.14
    1966        4        3        0  75.00   0.00  25.00
    1967        7        3        2  42.86  28.57  28.57
    1968        7        4        2  57.14  28.57  14.29
    1969        5        4        0  80.00   0.00  20.00
    1970        5        4        1  80.00  20.00   0.00
    1971        7        3        1  42.86  14.29  42.86
    1972        7        5        0  71.43   0.00  28.57
    1973        7        3        1  42.86  14.29  42.86
    1974        5        3        1  60.00  20.00  20.00
    1975        7        3        0  42.86   0.00  57.14
    1976        4        2        0  50.00   0.00  50.00
    1977        6        3        1  50.00  16.67  33.33
    1978        6        3        1  50.00  16.67  33.33
    1979        7        1        2  14.29  28.57  57.14
    1980        6        2        1  33.33  16.67  50.00
    1981        6        1        2  16.67  33.33  50.00
    1982        7        4        2  57.14  28.57  14.29
    1983        5        3        1  60.00  20.00  20.00
    1984        5        5        0 100.00   0.00   0.00
    1985        7        3        0  42.86   0.00  57.14
    1986        7        3        2  42.86  28.57  28.57
    1987        7        3        0  42.86   0.00  57.14
    1988        5        4        0  80.00   0.00  20.00
    1989        4        3        1  75.00  25.00   0.00
    1990        4        1        1  25.00  25.00  50.00
    1991        7        4        0  57.14   0.00  42.86
    1992        6        5        0  83.33   0.00  16.67
    1993        6        3        1  50.00  16.67  33.33
    1995        6        2        2  33.33  33.33  33.33
    1996        6        2        0  33.33   0.00  66.67
    1997        7        4        0  57.14   0.00  42.86
    1998        4        2        1  50.00  25.00  25.00
    1999        4        2        1  50.00  25.00  25.00
    2000        5        2        1  40.00  20.00  40.00
    2001        7        4        2  57.14  28.57  14.29
    2002        7        2        3  28.57  42.86  28.57
    2003        6        3        2  50.00  33.33  16.67
    2004        4        2        0  50.00   0.00  50.00
    2005        4        3        0  75.00   0.00  25.00
    2006        5        2        2  40.00  40.00  20.00
    2007        4        1        1  25.00  25.00  50.00
    2008        5        2        2  40.00  40.00  20.00
    2009        6        3        1  50.00  16.67  33.33
    2010        5        3        0  60.00   0.00  40.00
    2011        7        4        1  57.14  14.29  28.57
    2012        4        1        1  25.00  25.00  50.00
    2013        6        2        2  33.33  33.33  33.33
    2014        7        1        0  14.29   0.00  85.71
    2015        5        2        2  40.00  40.00  20.00
    2016        7        4        0  57.14   0.00  42.86
    2017        7        4        1  57.14  14.29  28.57
    2018        5        2        0  40.00   0.00  60.00
    2019        7        7        0 100.00   0.00   0.00
    2020        6        4        1  66.67  16.67  16.67
  decade        n      HRW      HRL
     190       36        5        1  13.89   2.78  83.33
     191       58       11        5  18.97   8.62  72.41
     192       60       28        6  46.67  10.00  43.33
     193       54       25        8  46.30  14.81  38.89
     194       60       23        6  38.33  10.00  51.67
     195       61       31        7  50.82  11.48  37.70
     196       60       30       10  50.00  16.67  33.33
     197       61       30        8  49.18  13.11  37.70
     198       59       31        9  52.54  15.25  32.20
     199       50       25        6  50.00  12.00  38.00
     200       53       24       14  45.28  26.42  28.30
     201       60       30        7  50.00  11.67  38.33
     202        6        4        1  66.67  16.67  16.67
 century        n      HRW      HRL
      19      559      239       66  42.75  11.81  45.44
      20      119       58       22  48.74  18.49  32.77
all playoffs
    year        n      HRW      HRL
    1903        8        2        0  25.00   0.00  75.00
    1905        5        0        0   0.00   0.00 100.00
    1906        6        0        0   0.00   0.00 100.00
    1907        5        1        0  20.00   0.00  80.00
    1908        5        1        0  20.00   0.00  80.00
    1909        7        1        1  14.29  14.29  71.43
    1910        5        1        0  20.00   0.00  80.00
    1911        6        2        1  33.33  16.67  50.00
    1912        8        1        0  12.50   0.00  87.50
    1913        5        2        1  40.00  20.00  40.00
    1914        4        1        0  25.00   0.00  75.00
    1915        5        1        0  20.00   0.00  80.00
    1916        5        1        2  20.00  40.00  40.00
    1917        6        2        0  33.33   0.00  66.67
    1918        6        0        0   0.00   0.00 100.00
    1919        8        0        1   0.00  12.50  87.50
    1920        7        1        0  14.29   0.00  85.71
    1921        8        1        1  12.50  12.50  75.00
    1922        5        1        1  20.00  20.00  60.00
    1923        6        4        1  66.67  16.67  16.67
    1924        7        5        0  71.43   0.00  28.57
    1925        7        3        2  42.86  28.57  28.57
    1926        7        4        1  57.14  14.29  28.57
    1927        4        2        0  50.00   0.00  50.00
    1928        4        3        0  75.00   0.00  25.00
    1929        5        4        0  80.00   0.00  20.00
    1930        6        4        0  66.67   0.00  33.33
    1931        7        4        1  57.14  14.29  28.57
    1932        4        3        0  75.00   0.00  25.00
    1933        5        2        1  40.00  20.00  40.00
    1934        7        0        0   0.00   0.00 100.00
    1935        6        3        3  50.00  50.00   0.00
    1936        6        2        2  33.33  33.33  33.33
    1937        5        2        1  40.00  20.00  40.00
    1938        4        2        0  50.00   0.00  50.00
    1939        4        3        0  75.00   0.00  25.00
    1940        7        5        0  71.43   0.00  28.57
    1941        5        2        1  40.00  20.00  40.00
    1942        5        1        2  20.00  40.00  40.00
    1943        5        3        0  60.00   0.00  40.00
    1944        6        3        0  50.00   0.00  50.00
    1945        7        2        1  28.57  14.29  57.14
    1946        7        3        0  42.86   0.00  57.14
    1947        7        1        1  14.29  14.29  71.43
    1948        6        2        0  33.33   0.00  66.67
    1949        5        1        1  20.00  20.00  60.00
    1950        4        2        0  50.00   0.00  50.00
    1951        6        4        0  66.67   0.00  33.33
    1952        7        4        1  57.14  14.29  28.57
    1953        6        3        2  50.00  33.33  16.67
    1954        4        1        2  25.00  50.00  25.00
    1955        7        4        0  57.14   0.00  42.86
    1956        7        4        0  57.14   0.00  42.86
    1957        7        3        0  42.86   0.00  57.14
    1958        7        3        2  42.86  28.57  28.57
    1959        6        3        0  50.00   0.00  50.00
    1960        7        3        3  42.86  42.86  14.29
    1961        5        2        0  40.00   0.00  60.00
    1962        7        3        2  42.86  28.57  28.57
    1963        4        1        0  25.00   0.00  75.00
    1964        7        4        1  57.14  14.29  28.57
    1965        7        3        0  42.86   0.00  57.14
    1966        4        3        0  75.00   0.00  25.00
    1967        7        3        2  42.86  28.57  28.57
    1968        7        4        2  57.14  28.57  14.29
    1969       11        8        1  72.73   9.09  18.18
    1970       11        8        1  72.73   9.09  18.18
    1971       14        7        2  50.00  14.29  35.71
    1972       17        9        2  52.94  11.76  35.29
    1973       17        9        1  52.94   5.88  41.18
    1974       13        9        1  69.23   7.69  23.08
    1975       13        7        0  53.85   0.00  46.15
    1976       12        5        3  41.67  25.00  33.33
    1977       15        6        1  40.00   6.67  53.33
    1978       14        9        2  64.29  14.29  21.43
    1979       14        5        2  35.71  14.29  50.00
    1980       14        4        3  28.57  21.43  50.00
    1981       32       16        3  50.00   9.38  40.62
    1982       15        6        2  40.00  13.33  46.67
    1983       13        8        2  61.54  15.38  23.08
    1984       13        9        2  69.23  15.38  15.38
    1985       20        8        3  40.00  15.00  45.00
    1986       20       11        4  55.00  20.00  25.00
    1987       19        8        5  42.11  26.32  31.58
    1988       16        8        1  50.00   6.25  43.75
    1989       14        8        4  57.14  28.57  14.29
    1990       14        4        3  28.57  21.43  50.00
    1991       19        8        0  42.11   0.00  57.89
    1992       19       12        1  63.16   5.26  31.58
    1993       18        8        3  44.44  16.67  38.89
    1995       31       18        5  58.06  16.13  25.81
    1996       32       15        3  46.88   9.38  43.75
    1997       34       20        5  58.82  14.71  26.47
    1998       30       17        4  56.67  13.33  30.00
    1999       31       18        7  58.06  22.58  19.35
    2000       31       19        4  61.29  12.90  25.81
    2001       35       20        3  57.14   8.57  34.29
    2002       34       17        7  50.00  20.59  29.41
    2003       38       18        7  47.37  18.42  34.21
    2004       34       19        5  55.88  14.71  29.41
    2005       30       15        6  50.00  20.00  30.00
    2006       30       16        7  53.33  23.33  23.33
    2007       28       12        7  42.86  25.00  32.14
    2008       32       15        6  46.88  18.75  34.38
    2009       30       14        3  46.67  10.00  43.33
    2010       32       14        3  43.75   9.38  46.88
    2011       38       17       10  44.74  26.32  28.95
    2012       37       17        6  45.95  16.22  37.84
    2013       38       19        7  50.00  18.42  31.58
    2014       32       12        9  37.50  28.12  34.38
    2015       36       19        9  52.78  25.00  22.22
    2016       35       27        1  77.14   2.86  20.00
    2017       38       23        8  60.53  21.05  18.42
    2018       33       19        4  57.58  12.12  30.30
    2019       37       27        6  72.97  16.22  10.81
    2020       53       35        5  66.04   9.43  24.53
  decade        n      HRW      HRL
     190       36        5        1  13.89   2.78  83.33
     191       58       11        5  18.97   8.62  72.41
     192       60       28        6  46.67  10.00  43.33
     193       54       25        8  46.30  14.81  38.89
     194       60       23        6  38.33  10.00  51.67
     195       61       31        7  50.82  11.48  37.70
     196       66       34       11  51.52  16.67  31.82
     197      140       74       15  52.86  10.71  36.43
     198      176       86       29  48.86  16.48  34.66
     199      228      120       31  52.63  13.60  33.77
     200      322      165       55  51.24  17.08  31.68
     201      356      194       63  54.49  17.70  27.81
     202       53       35        5  66.04   9.43  24.53
 century        n      HRW      HRL
      19      939      437      119  46.54  12.67  40.79
      20      731      394      123  53.90  16.83  29.27
