    year        n      HRW      HRL
    1871      127       92       23  72.44  18.11   9.45  80.00
    1872      183      145       24  79.23  13.11   7.65  85.80
    1873      199        0        0   0.00   0.00 100.00   0.00
    1874      232      188       31  81.03  13.36   5.60  85.84
    1875      345        0        0   0.00   0.00 100.00   0.00
    1876      260        0        0   0.00   0.00 100.00   0.00
    1877      180        0        0   0.00   0.00 100.00   0.00
    1878      184        0        0   0.00   0.00 100.00   0.00
    1879      321        0        0   0.00   0.00 100.00   0.00
    1880      340        0        0   0.00   0.00 100.00   0.00
    1881      336        0        0   0.00   0.00 100.00   0.00
    1882      572        0        0   0.00   0.00 100.00   0.00
    1883      785        0        0   0.00   0.00 100.00   0.00
    1884     1544        0        0   0.00   0.00 100.00   0.00
    1885      890        0        0   0.00   0.00 100.00   0.00
    1886     1052        0        0   0.00   0.00 100.00   0.00
    1887     1058        0        0   0.00   0.00 100.00   0.00
    1888     1092        0        0   0.00   0.00 100.00   0.00
    1889     1090        0        0   0.00   0.00 100.00   0.00
    1890     1611        0        0   0.00   0.00 100.00   0.00
    1891     1109        0        0   0.00   0.00 100.00   0.00
    1892      921        0        0   0.00   0.00 100.00   0.00
    1893      785        0        0   0.00   0.00 100.00   0.00
    1894      799        0        0   0.00   0.00 100.00   0.00
    1895      799        0        0   0.00   0.00 100.00   0.00
    1896      792        0        0   0.00   0.00 100.00   0.00
    1897      811        0        0   0.00   0.00 100.00   0.00
    1898      921        0        0   0.00   0.00 100.00   0.00
    1899      923        0        0   0.00   0.00 100.00   0.00
    1900      569        0        0   0.00   0.00 100.00   0.00
    1901     1110      796      202  71.71  18.20  10.09  79.76
    1902     1117      824      209  73.77  18.71   7.52  79.77
    1903     1114      810      205  72.71  18.40   8.89  79.80
    1904     1249      882      247  70.62  19.78   9.61  78.12
    1905     1237      878      233  70.98  18.84  10.19  79.03
    1906     1228      830      274  67.59  22.31  10.10  75.18
    1907     1233      842      287  68.29  23.28   8.43  74.58
    1908     1244      859      263  69.05  21.14   9.81  76.56
    1909     1241      849      269  68.41  21.68   9.91  75.94
    1910     1249      835      293  66.85  23.46   9.69  74.02
    1911     1237      864      262  69.85  21.18   8.97  76.73
    1912     1232      879      248  71.35  20.13   8.52  77.99
    1913     1234      855      256  69.29  20.75   9.97  76.96
    1914     1880     1293      403  68.78  21.44   9.79  76.24
    1915     1864     1298      389  69.64  20.87   9.50  76.94
    1916     1247      863      268  69.21  21.49   9.30  76.30
    1917     1247      843      288  67.60  23.10   9.30  74.54
    1918     1016      711      218  69.98  21.46   8.56  76.53
    1919     1118      769      243  68.78  21.74   9.48  75.99
    1920     1234      886      246  71.80  19.94   8.27  78.27
    1921     1229      868      257  70.63  20.91   8.46  77.16
    1922     1238      890      240  71.89  19.39   8.72  78.76
    1923     1233      886      229  71.86  18.57   9.57  79.46
    1924     1231      878      236  71.32  19.17   9.50  78.82
    1925     1228      881      240  71.74  19.54   8.71  78.59
    1926     1234      884      243  71.64  19.69   8.67  78.44
    1927     1236      907      238  73.38  19.26   7.36  79.21
    1928     1231      865      257  70.27  20.88   8.85  77.09
    1929     1229      887      243  72.17  19.77   8.06  78.50
    1930     1234      891      230  72.20  18.64   9.16  79.48
    1931     1236      900      235  72.82  19.01   8.17  79.30
    1932     1233      863      258  69.99  20.92   9.08  76.98
    1933     1226      858      258  69.98  21.04   8.97  76.88
    1934     1223      888      225  72.61  18.40   8.99  79.78
    1935     1228      892      243  72.64  19.79   7.57  78.59
    1936     1238      889      236  71.81  19.06   9.13  79.02
    1937     1239      910      230  73.45  18.56   7.99  79.82
    1938     1223      884      248  72.28  20.28   7.44  78.09
    1939     1231      874      248  71.00  20.15   8.85  77.90
    1940     1236      896      227  72.49  18.37   9.14  79.79
    1941     1244      874      247  70.26  19.86   9.89  77.97
    1942     1224      828      266  67.65  21.73  10.62  75.69
    1943     1238      847      273  68.42  22.05   9.53  75.62
    1944     1242      864      250  69.57  20.13  10.31  77.56
    1945     1230      868      260  70.57  21.14   8.29  76.95
    1946     1242      883      252  71.10  20.29   8.62  77.80
    1947     1243      924      228  74.34  18.34   7.32  80.21
    1948     1237      874      251  70.65  20.29   9.05  77.69
    1949     1240      895      232  72.18  18.71   9.11  79.41
    1950     1238      866      254  69.95  20.52   9.53  77.32
    1951     1239      887      255  71.59  20.58   7.83  77.67
    1952     1239      854      252  68.93  20.34  10.73  77.22
    1953     1240      907      227  73.15  18.31   8.55  79.98
    1954     1237      898      229  72.59  18.51   8.89  79.68
    1955     1234      871      258  70.58  20.91   8.51  77.15
    1956     1239      870      264  70.22  21.31   8.47  76.72
    1957     1235      878      250  71.09  20.24   8.66  77.84
    1958     1235      874      234  70.77  18.95  10.28  78.88
    1959     1238      882      235  71.24  18.98   9.77  78.96
    1960     1236      865      273  69.98  22.09   7.93  76.01
    1961     1430     1026      274  71.75  19.16   9.09  78.92
    1962     1621     1096      357  67.61  22.02  10.36  75.43
    1963     1619     1167      300  72.08  18.53   9.39  79.55
    1964     1626     1114      357  68.51  21.96   9.53  75.73
    1965     1623     1125      346  69.32  21.32   9.37  76.48
    1966     1615     1128      318  69.85  19.69  10.46  78.01
    1967     1620     1116      334  68.89  20.62  10.49  76.97
    1968     1625     1143      333  70.34  20.49   9.17  77.44
    1969     1946     1367      404  70.25  20.76   8.99  77.19
    1970     1944     1365      404  70.22  20.78   9.00  77.16
    1971     1938     1353      392  69.81  20.23   9.96  77.54
    1972     1859     1259      420  67.72  22.59   9.68  74.99
    1973     1943     1381      403  71.08  20.74   8.18  77.41
    1974     1945     1342      411  69.00  21.13   9.87  76.55
    1975     1934     1386      374  71.66  19.34   9.00  78.75
    1976     1939     1332      409  68.70  21.09  10.21  76.51
    1977     2103     1485      426  70.61  20.26   9.13  77.71
    1978     2102     1472      441  70.03  20.98   8.99  76.95
    1979     2099     1483      416  70.65  19.82   9.53  78.09
    1980     2105     1475      452  70.07  21.47   8.46  76.54
    1981     1394     1009      273  72.38  19.58   8.03  78.71
    1982     2107     1442      442  68.44  20.98  10.58  76.54
    1983     2109     1493      419  70.79  19.87   9.34  78.09
    1984     2105     1512      419  71.83  19.90   8.27  78.30
    1985     2103     1495      402  71.09  19.12   9.80  78.81
    1986     2103     1474      428  70.09  20.35   9.56  77.50
    1987     2105     1476      437  70.12  20.76   9.12  77.16
    1988     2100     1500      410  71.43  19.52   9.05  78.53
    1989     2106     1522      399  72.27  18.95   8.78  79.23
    1990     2105     1477      427  70.17  20.29   9.55  77.57
    1991     2104     1488      416  70.72  19.77   9.51  78.15
    1992     2106     1493      411  70.89  19.52   9.59  78.41
    1993     2269     1602      434  70.60  19.13  10.27  78.68
    1994     1600     1174      285  73.38  17.81   8.81  80.47
    1995     2017     1434      412  71.10  20.43   8.48  77.68
    1996     2267     1612      433  71.11  19.10   9.79  78.83
    1997     2266     1636      442  72.20  19.51   8.30  78.73
    1998     2432     1768      459  72.70  18.87   8.43  79.39
    1999     2428     1718      480  70.76  19.77   9.47  78.16
    2000     2429     1713      477  70.52  19.64   9.84  78.22
    2001     2429     1772      439  72.95  18.07   8.97  80.14
    2002     2426     1776      434  73.21  17.89   8.90  80.36
    2003     2430     1736      478  71.44  19.67   8.89  78.41
    2004     2428     1755      469  72.28  19.32   8.40  78.91
    2005     2431     1729      478  71.12  19.66   9.21  78.34
    2006     2429     1760      454  72.46  18.69   8.85  79.49
    2007     2431     1791      433  73.67  17.81   8.52  80.53
    2008     2428     1783      428  73.43  17.63   8.94  80.64
    2009     2430     1766      433  72.67  17.82   9.51  80.31
    2010     2430     1736      475  71.44  19.55   9.01  78.52
    2011     2429     1727      457  71.10  18.81  10.09  79.08
    2012     2430     1770      456  72.84  18.77   8.40  79.51
    2013     2431     1720      471  70.75  19.37   9.87  78.50
    2014     2430     1770      457  72.84  18.81   8.35  79.48
    2015     2429     1784      442  73.45  18.20   8.36  80.14
    2016     2428     1799      433  74.09  17.83   8.07  80.60
    2017     2430     1814      436  74.65  17.94   7.41  80.62
    2018     2431     1766      450  72.65  18.51   8.84  79.69
    2019     2429     1774      426  73.03  17.54   9.43  80.64
    2020      898      663      160  73.83  17.82   8.35  80.56
  decade        n      HRW      HRL
     187     2031      425       78  20.93   3.84  75.23  84.49
     188     8759        0        0   0.00   0.00 100.00   0.00
     189     9471        0        0   0.00   0.00 100.00   0.00
     190    11342     7570     2189  66.74  19.30  13.96  77.57
     191    13324     9210     2868  69.12  21.53   9.35  76.25
     192    12323     8832     2429  71.67  19.71   8.62  78.43
     193    12311     8849     2411  71.88  19.58   8.54  78.59
     194    12376     8753     2486  70.73  20.09   9.19  77.88
     195    12374     8787     2458  71.01  19.86   9.12  78.14
     196    15961    11147     3296  69.84  20.65   9.51  77.18
     197    19806    13858     4096  69.97  20.68   9.35  77.19
     198    20337    14398     4081  70.80  20.07   9.14  77.92
     199    21594    15402     4199  71.33  19.45   9.23  78.58
     200    24291    17581     4523  72.38  18.62   9.00  79.54
     201    24297    17660     4503  72.68  18.53   8.78  79.68
     202      898      663      160  73.83  17.82   8.35  80.56
 century        n      HRW      HRL
      18    20261      425       78   2.10   0.38  97.52  84.49
      19   151748   106806    30513  70.38  20.11   9.51  77.78
      20    49486    35904     9186  72.55  18.56   8.88  79.63
